105 1331,1334,1421,1333,1327,1337 这是全肉装坦克的出装方法，团战技能有一定输出能力，也有非常强的承伤能力 1331,1334,1421,13310,1336,1335 对方物理输出较多情况下，极寒风暴能降低敌方输出的攻击速度，魔女斗篷配合被动能有更大的收益
106 1226,1232,1424,1233,1236,1238 暴力的法师全输出装备，能够形成非常高的伤害输出 1226,1237,1424,1234,1239,1231 一套比较肉的法师出装，生存能力超强，并且有一定输出能力，适合逆风局出的装备
107 1131,1133,1421,1332,1334,1337 半肉半输出的出装思路，能有效提升赵云生存能力和作战能力 1131,1132,1421,1133,1137,1136 全输出装备赵云，输出能力极强，但生存能力较弱
108 1237,1236,1233,1421,1231,1235 偏肉型的法师出装，使得墨子成为标准法坦，能抗能打 1237,1232,1239,1424,1231,1236 全输出装备，墨子后期需要远程进行输出，最后进入收割节奏
109 1226,1232,1424,1239,1233,1234 全输出法师出装，后期秒杀敌方刺客和脆皮 1226,1238,1424,1232,1235,1233 输出装备为主，带一点生命值属性的法强提高团战的容错率
110 1226,1232,1231,1424,1233,1234 全输出法师出装，后期技能释放好会有爆炸伤害 1226,1238,1234,1424,1235,1233 输出装备为主，带一点生命值属性的法强提高团战的容错率
111 1133,1135,1132,1425,1131,1136 全输出装备，团战能打出爆炸伤害，需要较高的操作技巧 1132,1136,1425,1131,1138,1335 输出装为主，配合魔女斗篷，后期团战中有更强的容错率
112 1133,1135,1132,1425,1131,1136 全输出装备，团战能打出爆炸伤害，需要较高的操作技巧和队友的保护 1132,1136,1425,1131,1138,1335 输出装为主，配合魔女斗篷，后期团战中有更强的容错率
113 1724,1421,1331,1333,1335,1336 这是全肉装坦克的出装方法，团战能有强大的保人能力，也有非常强的承伤能力 1421,1331,1335,1235,1234,1336 这套装备使得庄周能抗能打，输出能力与保护能力都很强
114 1421,1331,1335,1333,1336,1332 这是全肉装坦克的出装方法，团战能有强大的保人能力，也有非常强的承伤能力 1421,1331,1335,1333,13310,1336 对方物理输出较多情况下，极寒风暴能降低敌方输出的攻击速度，坦度十足
115 1240,1232,1233,1424,1234,1235 这是高渐离走高输出路线的一种出装思路，输出非常高但是很脆，需要有较好的操作和团战处理能力 1240,1237,1234,1421,1238,1239 这套装备使得高渐离既有很强的输出能力也能在团战中有较大的容错率.
116 1133,1421,1135,1338,1331,1337 拥有强大的物理爆发能力，能够在短时间内秒掉敌方脆皮 1137,1421,1133,1132,1131,1127 后期牺牲了一定的爆发，但是持续输出能力更强
117 1421,1331,1335,13310,1338,1336 战士的出装思路，能有效提升钟无艳生存能力和持续输出能力 1421,1331,1333,1335,13310,1336 坦克的出装思路，能有效提升钟无艳生存能力和控制输出能力
118 1235,1424,1233,13310,1336,1335 全输出法师出装，会有较高的法术伤害，但比较脆皮，生存能力较弱，需要比较好的走位技巧 1724,1423,1235,1334,1336,1335 辅助装备为主，带一些生命值属性的法强提高生存能力，团战中能持久的对队友进行保护，提升了阵容的容错率
119 1235,1232,1424,1234,1233,1231 输出较高的一套法师装备，缺点是比较脆皮，生存能力较弱 1235,1240,1424,1234,1233,1238 输出装备为主，带一些生命值属性的法强提高生存能力，团战中能持久的对队友进行保护，持续作战能力超强
120 1327,1331,1421,1334,1332,1338 这是全肉装坦克的出装方法，团战技能有一定输出能力，也有非常强的承伤能力 1327,1724,1422,1334,1336,13310 这是白起偏团队型的坦克出装，能为团队创造更大的收益
121 1240,1421,1234,1334,1333,1337 半肉半输出装备，有一定的输出，配合被动有一定的坦度 1422,1334,1332,1336,1335,1337 输出能力略显缺乏，但能够成为一个合格的前排，拥有恐怖的血量和双抗
123 1131,1133,1421,1332,1334,1337 半肉半输出装备，在持续输出能力上非常强 1328,1724,1422,1334,1336,13310 这是吕布偏团队型的坦克出装，能为团队创造更大的收益，在被动的存在下，他在团战中也会有不俗的伤害
124 1226,1424,1233,1231,1232,1238 圣杯增加耗线续航能力，回响之杖增加走位能力，高冷却，高法术攻击可以直观的打出大量伤害 1234,1424,1239,1231,1232,1238 冰霜法杖提供减速，使得敌人更难摆脱火区，该出装拥有极高的生存能力和控制能力，但对蓝buff依赖较大
125 1137,1423,1132,1133,1131,1138 刺客出门装，中期补出泣血之后，元歌的持续作战能力会大幅提高，全输出的元歌会拥有强大的爆发能力，但傀儡较为脆弱，需要把握时机入场 1137,1422,13310,1138,1131,1127 刺客出门装，两件装备会提供一定的血量和物理防御使得傀儡的容错率较高，名刀的被动效果会让战斗手段较多的元歌有一定操作空间，避免被秒杀
126 1137,1423,1132,1131,1325,1338 前中期以输出装为主，后期补上一定的血量装备以保证持续输出能力 1724,1421,1331,1332,1325,1333 全肉装夏侯惇，能抗能打，可以承受巨量伤害
127 1424,1233,1235,1232,1231,1238 暴力的法师全输出装备，能够形成非常高的伤害输出 1421,1240,1235,1233,1232,1234 一套比较肉的法师出装，生存能力超强，并且有一定输出能力，适合逆风局出的装备
128 1126,1132,1133,1423,1137,1126 全输出曹操，伤害爆炸，但是很脆，对操作要求较高 1132,1133,1421,1328,13310,1337 半肉半输出曹操出装，在爆发和生存能力上都很强
129 1331,1335,1421,1334,1332,1338 这是全肉装坦克的出装方法，团战技能有一定输出能力，也有非常强的承伤能力 1333,1724,1422,1334,1336,13310 这是典韦偏团队型的坦克出装，能为团队创造更大的收益
130 1137,1421,1134,1135,1327,1338 前中期以输出装为主，后期补上一定的血量装备以保证持续输出能力 1522,1421,1134,1327,1334,1337 打野出装思路，半肉宫本，主要利用控制效果配合队友输出
131 1126,1132,1422,1137,1138,1125 全输出装备李白，输出能力极强，但团战容错率较低 1126,1132,1421,1137,1337,1332 输出装提升中期的输出能力，防御型装备能有效提升李白生存能力和持续作战能力
132 1126,1425,11311,1135,1155,1335 拥有了一定的攻速和纯净苍穹的免伤效果之后，马可波罗将会具备一定的战斗能力，魔女斗篷能够有效的反制反伤甲和爆发型法师的秒杀能力。 1533,1422,1126,11311,1132,1155 打野刀可以后置升级，优先做出末世增加续航和战斗能力，选择双吸避免反伤甲克制问题，但是需要小心走位避免被法师秒杀。
133 1135,1133,1132,1425,1131,1136 全输出装备，团战能打出爆炸伤害，需要较高的操作技巧 1132,1136,1425,1131,1138,1335 输出装为主，配合魔女斗篷，后期团战中有更强的容错率
134 1137,1421,1134,1126,1327,1338 前中期以输出装为主，后期补上一定的血量装备以保证持续输出能力 1522,1421,1134,1327,1334,1337 打野出装思路，半肉达摩，主要利用控制效果配合队友输出
135 1421,1331,1335,13310,1327,1332 这是全肉装坦克的出装方法，团战技能有一定输出能力，也有非常强的承伤能力 1724,1421,1331,1333,1335,1332 多以军团荣耀、极寒风暴等装备作为一个团队型的坦克，能对队友起到强大的保护作用
136 1424,1233,1235,1232,1231,1238 暴力的法师全输出装备，能够形成非常高的伤害输出，但需依赖较好的走位与操作 1421,1240,1235,1233,1232,1234 一套比较肉的法师出装，生存能力超强，并且有一定输出能力，适合逆风局出的装备
139 1137,1421,1134,1135,1327,1338 前中期以输出装为主，后期补上一定的血量装备以保证持续输出能力 1522,1421,1134,1327,1334,1337 打野出装思路，半肉老夫子，主要利用控制效果配合队友输出
140 1422,1137,13310,1334,1333,1327 这套装备使得关羽在后期能有一定的输出，并且抗击打能力也很强 1421,1724,1334,1336,1332,1337 这使得关羽成为不折不扣的肉坦，团战中只需要冲到混沌中心，干扰敌人的输出
141 1240,1232,1235,1424,1233,1234 全输出法师出装，后期秒杀敌方刺客和脆皮，但容错率较低，需要一定的操作技巧 1240,1234,1421,13310,1334,1234 这是貂蝉偏2法坦的出装思路，团战伤害稳定，生存能力很强
142 1424,1232,1231,1233,1236,1238 暴力的法师全输出装备，能够形成非常高的伤害输出 1424,1237,1233,1234,1239,1231 一套比较肉的法师出装，生存能力超强，并且有一定输出能力，适合逆风局出的装备
144 1331,1334,1421,1333,1327,1337 这是全肉装坦克的出装方法，团战技能有一定输出能力，也有非常强的承伤能力 1724,1334,1421,1333,1336,1335 多以军团荣耀、极寒风暴等装备作为一个团队型的坦克，能对队友起到强大的保护作用
146 1237,1232,1424,1234,1236,1238 这套装备既保证了露娜核心的爆发输出能力，也增强了她的身板，使得生存能力大大提升 1237,1234,1421,1238,13310,1334 这是露娜法坦的出装思路，虽然损失了部分输出能力，但是能保证露娜团战的生存力，能持续作战
148 1424,1233,1235,1232,1231,1238 暴力的法师全输出装备，能够形成非常高的伤害输出，但需依赖较好的走位与操作 1724,1423,1235,1226,1232,1238 一套比较肉的法师出装，生存能力超强，并且有一定输出能力，适合逆风局出的装备
149 1331,1421,1327,1335,1332,1337 后期拥有高额血量和双抗，配合技能输出能力也不弱 1331,1423,1327,1336,1332,1337 后期冷却缩减很高，可以频繁释放技能帮助队友，并且自身的血量和抗性也不低
150 1126,1132,1422,1137,1138,1125 全输出装备韩信，输出能力极强，但团战容错率较低 1126,1132,1421,1137,1337,1332 输出装提升中期的输出能力，防御型装备能有效提升韩信生存能力和持续作战能力
152 1424,1233,1235,1232,1231,1238 暴力的法师全输出装备，能够形成非常高的伤害输出 1421,1240,1235,1233,1232,1239 一套比较肉的法师出装，生存能力超强，并且有一定输出能力，适合逆风局出的装备
153 1126,1132,1422,1137,1138,1125 全输出装备兰陵王，输出能力极强，只要技能命中，一套带走| 1126,1132,1421,1137,1337,1332 输出装提升中期的输出能力，防御型装备能有效提升兰陵王生存能力和持续作战能力
154 1137,1422,1133,1132,1131,1337 后期输出非常高，缺点是容错率低，需要较好的操作技巧 1137,1422,1333,1335,1131,1337 牺牲一部分的输出，保证自己能够尽可能的站在战场上
156 1424,1233,1235,1232,1240,1238 前期充足的伤害以及清兵能力，对线有信心，全输出装备，位团队提供充足的持续法术输出 1426,1233,1226,1235,1232,1238 高游走速度和冷却缩减，前中期可多进行gank，后期补充伤害和一定的生存能力
157 1237,1232,1424,1236,1234,1238 这是不知火舞的高爆发法师出装路线，但生存能力一般，需要较好的操作 1237,1234,1421,1238,1335,1337 这套装备使得不知火舞既有很强的输出能力也能在团战中有较大的容错率，能进行持续的输出
162 1126,1132,1422,1137,1138,1125 全输出装备娜可露露，输出能力极强，但团战容错率较低 1126,1132,1421,1137,1337,1332 输出装提升中期的输出能力，防御型装备能有效提升娜可露露生存能力和持续作战能力
163 1137,1422,1134,1132,1131,1337 装备效果配合橘又京被动能打出更加高额的伤害 1137,1421,1131,1328,1338,1337 橘右京以防守为主的出装，依靠控制与技能基础伤害尽可能在逆风局中帮助队友
166 1422,1331,13310,1137,1335,1333 半肉半输出的出装思路，能保证亚瑟的生存能力同时提供给他持续的作战能力 1426,1131,1132,1134,1133,1137 全输出装备亚瑟，输出能力极强，但生存能力较弱，需要一定的操作技巧
167 1137,1421,1133,1132,1134,1337 全输出孙悟空，需要较高的操作技巧，能打出高额伤害 1137,1421,1133,1334,1333,1138 半肉半输出孙悟空，能保证自己更容易存活
168 1421,1331,1335,1333,1336,1332 这是全肉装坦克的出装方法，团战技能有一定输出能力，也有非常强的承伤能力 1724,1421,1331,1333,1335,1332 多以军团荣耀、极寒风暴等装备作为一个团队型的坦克，能对队友起到强大的保护作用
169 1126,1425,1135,1133,1131,1337 射手出门装，末世配合后羿的被动技能可以大幅度提升后羿的普攻输出，超高爆发输出，破甲弓在中后期可以对敌方坦克构成较大威胁 1126,1425,1135,1133,1132,1337 射手出门装，末世配合后羿的被动技能，可以大幅度提升后羿的普攻输出，泣血之刃配合末世，结合后羿的多重射击，给后羿提供爆炸伤害和不俗的吸血效果。
170 1137,1421,1132,13310,1327,1334 前中期以输出装为主，后期补上一定的血量装备以保证持续输出能力 1522,1421,1137,13310,1327,1335 打野出装思路，半肉刘备，主要利用控制效果进行持续输出
171 1421,1331,1335,1333,1336,1332 这是全肉装坦克的出装方法，团战技能有一定输出能力，也有非常强的承伤能力 1724,1421,1331,1333,1335,1332 多以军团荣耀、极寒风暴等装备作为一个团队型的坦克，能对队友起到强大的保护作用
173 1133,1135,1132,1425,1131,1136 全输出装备，团战能打出爆炸伤害，需要较高的操作技巧 1132,1136,1425,1328,1335,1128 输出装为主，配合魔女斗篷，后期团战中有更强的容错率
174 1133,1135,1132,1425,1131,1136 全输出装备，团战能打出爆炸伤害，需要较高的操作技巧 1132,1136,1425,1131,1138,1335 输出装为主，配合魔女斗篷，后期团战中有更强的容错率
175 1237,1234,1421,1238,1335,1337 这套装备使得不知火舞既有很强的输出能力也能在团战中有较大的容错率，能进行持续的输出 1237,1234,1421,13310,1334,1332 这套装备使得钟馗作为一个法式坦克，能无畏的冲入战场对对手进行干扰
176 1724,1426,1233,1336,1335,1238 辅助出门装，中前期移动速度和一定的血量可以提高杨玉环的持续作战能力，杨玉环能从冷却缩短的属性中提高被动触发的频率，其技能百分比的机制可以优先考虑自保 1233,1423,1235,1232,1239,1238 法师出门装，痛苦面具配合自身被动的百分比伤害，可以迅速的对敌方进行消耗，辉月配合大招的机制，可以在一场战斗中，完美的避开敌方的爆发期
177 1135,1133,1132,1425,1131,1136 全输出装备，团战能打出爆炸伤害，需要较高的操作技巧 1132,1136,1425,1131,1138,1335 输出装为主，配合魔女斗篷，后期团战中有更强的容错率
178 1331,1422,1134,1334,1138,1338 杨戬后期有足够的输出和承受伤害的能力，破军配合1技能被动，收割能力超强 1137,1423,1132,1131,1325,1338 前中期以输出装为主，后期补上一定的血量装备以保证持续输出能力
179 1226,1424,1240,1234,1232,1238 圣杯提供了客观的续航能力，配合噬神之书可以让女娲在线上保持一定的压制能力，虽然爆发力不高，但是消耗和对后排直接攻击的能力，能让女娲保持较高的竞争力 1233,1424,1240,1232,1231,1238 传统的法师出装，对于技能的准确度有一定的要求，自身对于蓝buff有一定的依赖，高额的法术攻击，可以让矩阵持续的更久，同时可以对前排造成更多的伤害
180 1331,1422,1137,1335,1333,1337 后期哪咤出装以抗性装备为主 1724,1421,1331,1332,1325,1333 全肉装哪咤，能抗能打，可以承受巨量伤害
182 1226,1423,1233,1234,1232,1231 爆发周期较短，回复能力较高，可以频繁使用技能消耗，由于爆发周期较短，多次爆发后，可以逼迫对方露出破绽 1235,1423,1233,1231,1232,1238 每一次命中都会造成高额伤害，每次释放技能都是对于对方的威慑，只需一次命中就会迫使对方回撤或直接造成死亡
183 1331,1421,1134,1334,1133,1332 这套装备使得后期雅典娜具有很强的承伤能力，并且输出可观，能黏住敌方后排输出 1137,1421,1134,1338,1334,13310 这套装备在后期雅典娜需要切入敌方后排，对敌方后排进行持续输出，需要一定的操作技巧
184 1724,1423,1226,1336,12211,1238 以肉装和法术肉装为主，增强自保能力，技能配合装备能对团队形成很好的保护能力 1226,1423,1234,1235,12211,1233 输出法师型出装，需要有较好的走位与操作技巧，伤害输出很高
186 1724,1423,1226,1336,12211,1238 以肉装和法术肉装为主，增强自保能力，技能配合装备能对团队形成很好的保护能力 1724,1421,1331,1332,1325,1333 全肉装太乙真人，可以承受巨量伤害
187 1422,1334,1336,1235,1234,1337 法坦装备，在保证自己生存能力的同时拥有不菲的输出 1422,1334,1332,1336,1335,1337 输出能力略显缺乏，但能够成为一个合格的前排，拥有恐怖的血量和双抗
189 1421,1235,1234,13310,1334,1231 法术装配合一定肉装，使得其输出和承伤效果更平均 1424,1235,1335,1234,1231,1333 半肉半输出装备
190 1233,1424,1240,1234,1232,1238 整体出装血量较高，配合噬神之书生存能力极强 1226,1424,1240,1234,1232,1238 配合诸葛亮大招的斩杀效果，圣杯的特性将会充分发挥.并且冷却缩减可以减少技能2时空穿梭的储存时间，提升诸葛亮的机动性.
191 1226,1426,1723,13310,1235,1238 在兼备输出能力的同时保证自己一定的肉度来更久的坚持在战场上 1234,1422,1336,1335,1333,1235 后期主要作用是控制和前排抗伤害，输出主要靠百分比伤害的痛苦面具
192 1135,1133,1132,1425,1131,1136 全输出装备，团战能打出爆炸伤害，需要较高的操作技巧 1132,1136,1425,1131,1138,1337 输出装为主，配合魔女斗篷，后期团战中有更强的容错率
193 1137,1421,1134,1138,1327,1338 前中期以输出装为主，后期补上一定的血量装备以保证持续输出能力 1522,1421,1134,1327,1334,1337 打野出装思路，半肉铠，主要利用控制效果配合队友输出
194 1331,1421,1335,1336,1332,1337 坦克出门装，红莲斗篷配合大招被动可以持续对附近敌人造成伤害，超强防御能力，配合各种被动效果可以持续在人群中输出。 1331,1421,1137,1327,1335,1333 战士出门装，中前期可以打出较高的伤害，对敌方后排威胁较大。后期通过装备大幅度提升自身的生存能力，增强持续输出。
195 1533,1422,1137,13310,1138,1337 前期打野堆叠攻速方便清野，快速升级保证gank效率，高攻击力能让收割变得更加容易 1137,1422,1132,13310,1337,1138 能快速合成输出风暴大剑装备，吸血装保证玄策线上的续航能力。
196 1137,1421,1132,1131,1138,1337 前中期利用技能范围优势，可以选择纯输出装备，最后一件选择贤者庇护增加容错率 1137,1421,1132,1131,1125,1138 全输出装备，对于2技能的位置选择要求更高，敌方回复能力比较突出时，可以选择制裁之刃
197 1236,1423,1235,1234,1239,1232 依靠普通攻击的法术伤害，可以进行对线压制，弈星需要堆叠最大血量，避免一被消耗就触发被动，陷入危险的状况 1226,1424,1233,1239,1231,1232 伤害略低，但是不依赖蓝buff，并且拥有极高的冷却缩短，如果敌方刺客，战士过多，那么可以优先选择辉月进行自保
198 1235,1422,1233,1334,1333,1234 坦克出门装，痛苦面具的法穿效果和被动可以对敌人有效造成伤害，兼具生存和法术输出，以及不错的粘人能力 1235,1422,1234,1334,1236,1333 中前期可以打出较高的伤害，并且软控效果十分出色，提升技能减速能力，并且自身移速提升，更容易靠近敌人
199 1126,1422,1132,1133,1127,1138 超高的续航能力，可以让公孙离持续作战，全输出装备，利用公孙离灵活的特性，可以对中后排造成巨大的威胁 1126,1425,11311,1131,1135,1337 射手出门装，纯净苍穹可以避免阿离被控制秒杀，同时急速战靴可以增加阿离站桩输出的能力，常规射手神装，后期可以打出爆炸输出
501 1722,1426,1237,1234,1334,1337 辅助出门装，跑线支援迅速，续航较好，作为中场辅助，前可支援坦克，后可增强输出，自身也有一定坦度，不会轻易死去 1233,1424,1235,1234,1231,1238 法术出门装，主要针对敌方制造伤害和削弱其对抗能力，高额法术攻击能让大招的真实伤害对坦克和后排造成巨大威胁
502 1523,1422,1134,1133,1132,1138 打野出门装，中期在装备支持下，清野速度到达巅峰，凭借极强的野区入侵能力，扫荡敌方野区获得优势，后期团战时，位于团队侧翼，对敌方后排进行威慑 1134,1422,1132,1133,1138,1337 战士出门装，此时裴擒虎可配合打野进行游走，寻找对方突破口。拥有贤者庇护后，裴擒虎可以从侧翼主动出击，开启团战
503 1137,1422,1327,1334,1333,1138 狂铁装备初步成型，在高能状态下无惧大部分挑战，但对法术抗性较低，需要注意对手类型，神装后，狂铁爆发和生存都比较强大，可以在团战中发挥巨大的威胁 1137,1421,1131,1327,1138,1127 狂铁对于技能的依赖十分巨大，暗影战斧和破甲弓的冷却属性对于狂铁来说十分珍贵，狂铁常常通过绝地反击获胜，名刀·司命对于狂铁来说无异于第二次反击的机会
504 1233,1424,1232,1235,1234,1238 通过博学者，中期米莱狄就会获得高额的法术攻击，使得机械仆从具有一定的战斗力，虽然缺少一定的冷却缩减属性，但是利用兵线生成的仆从依然可以保持推进能力。 1226,1423,1233,1232,1235,1238 更加偏向对线消耗，通过1技能较远的攻击距离压制对手，即使离开兵线也可以拥有大量的机械仆从为米莱狄作战，随时保持战斗能力
